517
518
538
539
39
40
41
42
562
563
52
53
56
57
590
591
83
615
104
105
622
623
122
638
639
640
647
648
137
649
169
174
720
721
211
739
740
233
252
253
254
767
256
257
258
259
260
768
769
770
255
778
801
802
807
808
809
821
822
823
827
316
317
828
325
326
335
336
848
849
852
853
349
350
863
352
865
866
867
358
876
877
380
381
382
383
384
900
904
396
397
398
926
927
931
932
933
934
935
936
937
942
943
944
433
945
439
951
952
957
958
959
967
969
970
971
972
973
977
978
979
474
479
996
485
997
998
999
1000
491
509
510
