512
1
2
3
4
5
6
7
8
9
513
514
515
13
14
15
16
17
18
529
530
531
715
23
24
25
26
717
543
544
545
35
36
516
551
552
553
559
560
568
569
63
64
65
66
67
68
69
70
71
582
583
584
587
79
80
602
603
92
93
94
95
604
607
608
609
618
115
120
121
123
127
129
130
133
134
135
136
650
651
652
653
142
654
655
656
657
147
148
149
150
658
152
153
154
659
660
661
158
159
160
664
665
666
667
668
669
167
168
672
673
674
172
173
677
678
679
680
681
179
180
181
685
686
687
688
689
690
691
692
693
694
695
696
697
698
196
197
701
199
703
704
705
706
707
708
709
710
208
712
713
714
212
716
214
718
719
225
227
228
229
246
247
248
662
663
780
280
281
282
670
302
303
304
305
306
307
308
309
310
671
315
318
319
322
323
675
676
333
334
353
354
870
359
682
361
362
683
684
371
372
373
374
375
376
406
407
427
428
443
444
445
699
447
448
449
450
700
459
460
702
470
471
475
478
498
499
500
504
505
711
511
